00001110
00010001
00010111
00010101
00010111
00010000
00001111
00000100
00001010
00010001
00010001
00011111
00010001
00010001
00011110
00010001
00010001
00011110
00010001
00010001
00011110
00001110
00010001
00010000
00010000
00010000
00010001
00001110
00011110
00001001
00001001
00001001
00001001
00001001
00011110
00011111
00010000
00010000
00011100
00010000
00010000
00011111
00011111
00010000
00010000
00011111
00010000
00010000
00010000
00001110
00010001
00010000
00010000
00010011
00010001
00001111
00010001
00010001
00010001
00011111
00010001
00010001
00010001
00001110
00000100
00000100
00000100
00000100
00000100
00001110
00011111
00000010
00000010
00000010
00000010
00010010
00001100
00010001
00010010
00010100
00011000
00010100
00010010
00010001
00010000
00010000
00010000
00010000
00010000
00010000
00011111
00010001
00011011
00010101
00010001
00010001
00010001
00010001
00010001
00010001
00011001
00010101
00010011
00010001
00010001
00001110
00010001
00010001
00010001
00010001
00010001
00001110
00011110
00010001
00010001
00011110
00010000
00010000
00010000
00001110
00010001
00010001
00010001
00010101
00010010
00001101
00011110
00010001
00010001
00011110
00010100
00010010
00010001
00001110
00010001
00010000
00001110
00000001
00010001
00001110
00011111
00000100
00000100
00000100
00000100
00000100
00000100
00010001
00010001
00010001
00010001
00010001
00010001
00001110
00010001
00010001
00010001
00010001
00010001
00001010
00000100
00010001
00010001
00010001
00010101
00010101
00011011
00010001
00010001
00010001
00001010
00000100
00001010
00010001
00010001
00010001
00010001
00001010
00000100
00000100
00000100
00000100
00011111
00000001
00000010
00000100
00001000
00010000
00011111
00001110
00001000
00001000
00001000
00001000
00001000
00001110
00010000
00010000
00001000
00000100
00000010
00000001
00000001
00000100
00001010
00010001
00000000
00000000
00000000
00000000
00000000
00000000
00000000
00000000
00000000
00000000
00011111
00000000
00000000
00000000
00000000
00000000
00000000
00000000